1.9030308 
2.096131 
2.2113569 
1.8283856 
2.0921144 
2.3569717 
1.7110809 
1.6891607 
2.215428 
2.1770632 
2.1929157 
2.1883008 
1.4116557 
3.5478947 
1.783464 
2.5102632 
2.3509104 
1.7745273 
2.4692085 
1.3400866 
1.9589303 
2.2308903 
1.9281318 
1.2383338 
2.3214326 
2.6191094 
2.5372877 
2.0935936 
2.0871909 
2.34245 
2.555221 
1.8168079 
1.5442094 
2.2483883 
1.8726529 
2.2842646 
2.2658005 
2.6124787 
3.2088714 
1.9909357 
2.1707618 
1.7379252 
2.5956879 
2.0459733 
2.4436448 
2.3381538 
2.5231028 
1.9767318 
2.5654986 
2.6636806 
2.442919 
-5.1036253 
-2.4451108 
-2.83252 
1.0596243 
-5.153157 
2.6195207 
2.006926 
-3.225229 
2.3139899 
-6.0987883 
-2.0090218 
-3.4465914 
1.9855584 
1.7444395 
-3.0864592 
-4.9491816 
-5.440967 
-5.4860034 
2.13283 
2.6906638 
-5.440581 
-5.3081455 
-5.555399 
2.16561 
2.1405833 
-5.9002914 
1.4470135 
-5.5283055 
-5.739334 
-5.7159142 
-5.420932 
2.2172062 
-2.4644508 
-4.393751 
-5.763396 
-5.5092206 
2.4049726 
-5.7571573 
-5.517548 
2.9293733 
2.3011334 
2.381082 
2.5097215 
1.8898566 
1.6930122 
1.9007834 
1.7170922 
2.3704877 
2.5006423 
2.3125045 
-5.663541 
2.309804 
2.8232558 
3.048442 
-6.016137 
2.4279454 
2.585245 
-5.6802273 
1.9448084 
-5.738128 
2.0452738 
2.530285 
-5.6813216 
2.2180479 
-5.5316772 
2.9993238 
3.2141857 
2.363666 
-5.6606708 
1.0978527 
-5.8216963 
3.2610826 
3.0623324 
-5.7058754 
2.1063576 
-5.1183333 
3.1973803 
-5.1928363 
2.8474596 
3.0044055 
2.9149826 
2.5588005 
-5.645254 
2.9284656 
2.3223593 
2.9835794 
1.2028514 
-5.518295 
-5.469257 
2.2572722 
3.2568095 
3.2945254 
2.7391934 
1.9945186 
2.5713098 
2.9170887 
3.0735853 
3.029358 
2.6765804 
1.6640887 
-5.279728 
2.747343 
1.714383 
3.2328951 
-5.4464517 
3.2641196 
3.2764397 
-5.0215645 
2.3985207 
-5.6309443 
2.7189016 
2.9998455 
-5.580636 
2.1265564 
-5.4741006 
2.226748 
3.235161 
3.0504386 
-5.1428084 
1.9448639 
-5.99661 
2.2145245 
3.2755926 
-5.42518 
3.3274255 
-5.6837645 
3.1534252 
-5.473788 
3.021678 
3.311669 
2.698253 
0.3648612 
-5.412188 
3.203368 
3.0101657 
3.2443483 
3.195836 
-5.4769673 
-5.434824 
3.0322778 
3.2030926 
2.3778954 
3.1888437 
3.1337337 
3.051133 
2.9859293 
3.2589617 
3.2573612 
2.4076395 
1.9625913 
-5.7118587 
-5.367795 
-5.79247 
3.4072323 
-5.7434154 
3.2749355 
2.564024 
-5.2686567 
3.257954 
-4.6408043 
-5.191316 
-5.5995584 
1.9520397 
3.0546846 
-3.0415297 
-4.7170057 
-5.6765804 
-5.7428946 
3.86734 
3.2773173 
-5.426164 
-5.645827 
-5.716168 
3.2378516 
2.6968575 
-5.737244 
2.4829378 
-5.4864926 
-5.680931 
-5.302206 
-5.2565084 
2.000977 
-4.6410375 
-5.072649 
-5.2645054 
2.0390816 
1.9866744 
-5.239181 
-4.9636955 
2.922068 
3.0428245 
3.274924 
3.4318736 
3.0255075 
3.1427338 
3.0503788 
3.7594109 
2.8061523 
3.1548774 
2.5562282 
3.5304236 
3.5828717 
-5.3812504 
3.2805357 
-5.664359 
2.5711644 
3.3445847 
-4.4414763 
2.477798 
-5.086248 
-4.833426 
3.8529727 
3.2734478 
2.905998 
-5.4189925 
1.9103631 
2.124303 
2.3577025 
3.4730213 
3.1158178 
-5.562851 
-5.3816676 
2.0722444 
3.516956 
3.747552 
-5.619845 
2.256493 
3.116165 
3.2115564 
3.5744321 
-5.391544 
3.9246538 
-5.4767485 
3.8085744 
2.9310873 
3.608905 
3.5512848 
-3.024137 
-5.1401706 
3.4878337 
2.957505 
2.9576614 
3.264879 
3.702831 
2.6137004 
6.135153 
2.7867622 
3.0717762 
2.8262198 
4.1999774 
2.7861345 
2.5431695 
-5.1362925 
2.5013041 
-5.3391447 
3.4072118 
3.1034653 
-5.536753 
3.811623 
-5.6828375 
2.8417451 
-5.7971725 
3.1183605 
3.69645 
-5.715552 
3.777163 
3.8510206 
3.8689163 
3.296844 
3.1780267 
-5.353773 
3.7304873 
-5.70893 
3.5734668 
2.17226 
-5.620099 
2.2817998 
5.9514866 
3.1702838 
1.8571844 
-5.412741 
2.1818044 
-5.139724 
3.1157246 
5.746596 
3.3938234 
1.7683977 
2.607117 
3.645443 
3.8214874 
3.6681888 
1.1867311 
1.1855751 
3.6924398 
3.0576394 
2.9114902 
3.8229222 
4.2127247 
2.7989018 
3.519235 
-5.225256 
-5.468776 
-5.690111 
3.6761012 
-5.5467677 
-5.1898365 
-4.8384376 
-5.5418177 
1.863191 
-5.642865 
3.8430445 
2.0826375 
-5.380088 
3.3798919 
-5.514899 
3.4570687 
3.8030457 
2.6651819 
2.5878065 
2.7552583 
-5.4331646 
3.4189217 
3.4975014 
-5.468918 
3.1928275 
-5.4555135 
5.620042 
-5.547363 
-5.535299 
-5.228042 
-4.3500404 
3.4504511 
-5.3881307 
-5.2457 
-5.347233 
-5.6587777 
3.6394475 
-5.213751 
-5.421268 
1.8475547 
4.014696 
5.674301 
1.9582572 
3.4497914 
2.083953 
2.0423574 
1.9662402 
4.14272 
3.5713763 
2.6924274 
3.298722 
2.1532776 
3.6131706 
2.3926945 
3.5862823 
3.718116 
1.2646111 
3.1075497 
2.599944 
3.1965418 
3.5324998 
6.311535 
2.1486585 
1.7533892 
3.8324971 
3.6713958 
1.2950677 
3.46896 
1.4930677 
5.9864364 
2.0914145 
2.0449588 
3.4080145 
2.4069064 
1.841721 
3.374159 
2.2708447 
2.8581326 
1.3052593 
4.2651634 
1.7329341 
4.3927584 
1.104587 
1.303626 
3.6383595 
3.475318 
1.8690377 
8.377834 
7.8852887 
2.7932322 
8.324286 
8.327343 
7.4321327 
2.5944164 
6.7743077 
8.015773 
8.002815 
3.8461633 
7.0803204 
-0.33283362 
-0.51676196 
-0.37539858 
0.09387358 
-4.5042872 
-4.806801 
-1.1621858 
-0.9800061 
-0.015027246 
-1.2778122 
0.18879664 
0.0050671017 
-1.2999772 
-0.67323005 
-0.5737952 
-0.5707338 
-0.07040295 
-0.3665438 
-2.6692708 
-0.83279884 
-0.87290186 
-0.59915984 
-0.46524674 
-0.6020487 
-0.45563543 
-1.205211 
-0.6203267 
0.99318457 
-0.33532214 
0.17056283 
-0.33444104 
-0.0028420303 
1.3346806 
-0.9612351 
-0.5023068 
-0.052964192 
-0.60880274 
0.03241676 
-0.40380663 
0.067728154 
-0.25667363 
0.17649053 
0.02039372 
-0.4715521 
-0.108248346 
0.28015307 
-0.19707504 
-0.02152248 
0.16568321 
0.019552767 
-0.2903466 
-0.5116737 
-0.6867485 
-0.5277638 
-5.4617505 
-4.803804 
-4.41158 
-5.281598 
-0.015322272 
-0.0038683666 
-0.08687816 
0.33261243 
-0.4753317 
-0.6358268 
-0.46508628 
-0.7195746 
-0.09256508 
-0.1684677 
-0.7463506 
-1.0266287 
-0.045230366 
-0.20709826 
0.007069789 
1.204562 
-0.5864716 
-1.6004906 
-0.42426467 
-1.1573713 
-0.058526885 
-1.3706793 
0.0070411493 
-0.55151266 
-1.391467 
-0.73770666 
-0.72289395 
0.029942723 
-1.2190181 
-0.54895175 
-0.15901296 
0.19032691 
0.035445943 
0.062119987 
0.014525479 
-0.009536232 
0.14494923 
2.792971 
-0.0763098 
0.12626629 
-0.06501332 
0.004846031 
0.0006840693 
-0.30696633 
-0.07066927 
0.7889792 
-4.748107 
-2.6977863 
-5.211283 
0.6734909 
-0.08240402 
0.6780269 
-5.377002 
-1.0144593 
0.22640453 
-0.32322925 
-0.49861187 
-0.48399183 
0.3676891 
-1.0911181 
-1.053132 
-0.490546 
0.24600796 
-0.10810744 
1.1988394 
-1.1417251 
-0.07666864 
-0.09829755 
-0.046158846 
-0.37331083 
-0.52138394 
0.046133697 
-0.07400003 
-0.8081967 
-0.240788 
0.008367786 
-0.4828217 
-0.0635677 
-0.39261127 
-0.18083334 
-0.13016647 
0.062195417 
0.0661623 
0.03650952 
0.059693936 
-0.52494717 
0.26497793 
0.5091075 
0.16305827 
-0.06374747 
-0.10790299 
0.051623754 
-0.007483074 
-0.18936737 
0.03316523 
-0.14360586 
-1.0523237 
-5.645606 
-4.827463 
0.19233881 
0.16767801 
0.14253686 
0.2046267 
1.166003 
-0.4294033 
-0.19266985 
-0.6269863 
-0.13197938 
-0.8379094 
-0.15981875 
0.08877541 
-0.15474693 
-0.5018056 
-1.7509031 
-0.36076945 
-0.12259564 
0.011179576 
0.010832606 
-0.7459449 
-0.20680653 
-1.2391108 
-0.5000709 
-0.53856766 
-0.41468388 
-0.9094526 
-0.33921987 
0.36917055 
-0.5764728 
0.18523738 
-0.30492717 
0.10489665 
0.5124097 
-0.067110516 
0.07649204 
0.059075117 
0.14672989 
0.16594334 
-0.60243285 
0.17513002 
-1.3136653 
0.21990229 
7.2551336 
-0.5570331 
-0.52549976 
-0.30928475 
0.35202563 
0.31438816 
-0.015933456 
-4.2012 
1.9738312 
-0.035592075 
1.08117 
0.22828315 
0.122574806 
-0.22896354 
1.6058052 
-0.8917871 
-0.50682306 
1.200698 
0.12963802 
-0.4410073 
-0.8090397 
-0.4281709 
-0.047556102 
-0.26427144 
0.6355282 
-1.7583334 
0.07659513 
-0.22428031 
1.1031992 
-0.64433295 
-0.44137013 
-0.32377017 
-0.92115164 
0.1529428 
-0.2928596 
0.6454286 
-0.04382678 
-0.0149135245 
-0.03566033 
-0.02210398 
-1.2621653 
-0.9016392 
-1.7002778 
0.20190515 
-0.766659 
-1.2277083 
-0.88661 
-0.92661893 
-1.4557616 
-1.7648385 
-0.82773995 
0.2965671 
-0.1994782 
-0.016701935 
0.017305668 
-2.4387584 
-0.2865366 
-5.2535872 
-2.4968486 
-0.30037194 
-0.2278921 
-0.041405626 
-0.09238831 
0.5349441 
0.42302075 
-0.64435565 
-5.478298 
6.9305735 
-0.23281567 
-0.114859745 
-0.39714164 
-0.049291786 
-0.09437243 
4.4200654 
-0.2259572 
0.21552739 
0.109734654 
-0.10774337 
-0.57936335 
-0.078964464 
0.07032226 
-0.12868606 
-0.18698272 
-0.205594 
0.049514536 
-0.005176024 
-0.60365605 
-0.4887827 
-0.12443065 
-0.2630886 
-0.31869847 
-1.5067734 
-1.1676273 
-1.1395715 
-2.334391 
-1.1629381 
-1.0378644 
-1.9842325 
-1.073272 
-5.072054 
0.8185297 
-0.30315873 
-0.11211504 
-1.9120893 
-0.14195365 
-0.44958618 
-0.23860829 
0.23789148 
-5.0931373 
1.0143194 
0.30011988 
0.053943638 
-0.0601139 
-0.84125364 
-0.54246855 
-0.030169692 
0.056650426 
-0.14059523 
-0.43543732 
0.41070217 
-0.90337634 
-0.0028698056 
-0.29243574 
0.56527996 
0.04346119 
-0.14330168 
0.25596136 
-1.5816579 
0.041515637 
-0.27935946 
-0.010749272 
0.1707296 
-0.31424782 
-0.07248262 
-0.13500176 
-1.1729443 
-0.237088 
0.998945 
-0.12085861 
-0.008445398 
0.040396474 
-1.5251889 
-2.3507876 
-1.0796492 
-1.7036176 
-0.9239462 
-1.1456794 
-5.7821803 
2.682271 
2.4238303 
0.42875966 
-0.5176542 
-0.04472684 
0.28437927 
-0.096486725 
0.13110614 
-0.4437325 
-0.39040807 
-1.3611195 
-0.14675054 
0.177203 
0.7133141 
0.037879188 
-0.20272306 
0.1532083 
0.45855245 
0.21809506 
-0.28009784 
-0.18058911 
-4.813236 
-0.1009341 
0.35892072 
0.104427144 
-0.30443525 
-0.46793395 
-0.222199 
-0.4983457 
0.38056344 
-0.1877304 
0.138968 
-0.5218146 
-1.1372956 
-0.037833676 
-0.1760719 
1.080155 
0.13355128 
0.49624592 
0.3926362 
-0.1542512 
0.117014214 
-1.0027289 
-1.8015654 
-2.06898 
-1.0246315 
-1.9064872 
-5.5713296 
0.082869336 
1.8782669 
0.5425929 
0.13161579 
0.609307 
-0.48042598 
0.24271895 
-0.27654988 
-0.0067317453 
-0.048243657 
-0.020397533 
0.095986605 
0.05660848 
-5.466705 
0.012508638 
0.11692934 
0.17644271 
0.0632517 
1.1787767 
0.30511287 
0.07122608 
0.6740947 
-0.06840833 
0.12680838 
-5.47972 
-0.03662641 
-2.5818682 
0.01682978 
-0.05706049 
-0.6519835 
1.0264505 
0.16600986 
-0.86361796 
0.031852476 
-0.15636471 
0.06375833 
0.2896532 
0.21014282 
-0.22440644 
0.059574325 
-0.019468607 
-0.16074476 
0.060324185 
0.13731611 
-0.093264155 
-0.82508963 
-1.2397976 
0.647677 
0.38675815 
-0.102676556 
0.02992241 
-0.026614372 
1.5546236 
-0.11055769 
0.3049046 
-0.41819555 
-0.94676054 
-0.0996591 
-0.11606329 
0.100366734 
-0.05296335 
-0.24582742 
-0.16619736 
-1.0668814 
0.0447519 
0.019046176 
-0.08255709 
0.23323475 
-0.6770473 
1.3655633 
0.40895596 
-0.109628275 
-0.07434948 
0.052749213 
0.1384089 
2.0294652 
-0.33869204 
-0.49736845 
-0.53296065 
-0.024911476 
0.58536536 
0.072989225 
-0.20588791 
-0.03600173 
-0.6755922 
0.43513736 
-0.8731006 
-0.4420022 
-0.11441053 
-0.1356777 
-0.18305428 
0.14229636 
-0.7363638 
-0.13927165 
-1.5103832 
-0.07933995 
0.111975655 
-0.12034369 
0.1501485 
-0.07229904 
0.2875127 
-0.09910849 
0.2905561 
-0.038190365 
0.44702342 
0.105622515 
0.5922238 
0.9646186 
-0.059248738 
0.3977195 
-0.2426359 
-0.029250668 
-0.90317184 
-0.62985796 
-4.8661194 
2.2642071 
-0.022964692 
0.1711959 
0.48414955 
0.17463385 
-0.72274595 
0.13477117 
-0.53820455 
0.26323894 
-0.20985541 
-0.21484584 
2.2433517 
-0.33559954 
-0.3443645 
-0.06550077 
0.104127094 
-0.6899046 
-0.2649789 
2.1797829 
-1.770195 
-1.6338416 
-5.0519724 
-4.989362 
-4.552598 
-0.5507189 
-0.5880689 
-1.5286673 
-1.1842895 
0.005509672 
2.5048091 
-0.19429861 
-0.078059755 
0.19320406 
-0.15998568 
-0.11000526 
-0.11958992 
-0.020961216 
-1.2206515 
0.24312602 
1.2361542 
-1.7412946 
0.814565 
-0.114510946 
0.5986941 
0.13006364 
-0.6418138 
-0.083047815 
-0.1821239 
-0.95788145 
-1.3336717 
2.0154483 
0.32663086 
-0.67023855 
0.33832943 
0.31210613 
-0.10380144 
0.14307651 
0.49187574 
0.41135284 
-0.39319432 
0.30023184 
0.095513605 
-0.276925 
-0.25850636 
0.024588482 
0.22345035 
-0.30980697 
-0.3385994 
-0.3659781 
1.9280818 
0.22040047 
2.3109527 
2.0086615 
1.8429964 
0.4690599 
-0.006400856 
0.3827638 
0.46159196 
-0.12682265 
-0.4627468 
0.18097222 
-0.15220214 
0.10191551 
-0.25144738 
-0.35982403 
0.7376768 
0.55988747 
0.20652197 
0.11165284 
0.7894457 
-0.94809926 
-0.18757781 
-0.3021255 
-0.042622335 
-0.0030858233 
-0.059267737 
-0.09510015 
-0.54934174 
-1.9587204 
-0.7293272 
-0.5278748 
1.9252107 
-2.493744 
0.056252632 
0.23001231 
0.10080186 
-0.20714465 
0.4674157 
0.7924319 
0.06891634 
0.08980862 
0.5442362 
0.07276913 
0.07881663 
0.028483465 
0.005068228 
0.04392085 
0.25772202 
0.7920455 
0.094416775 
1.6137472 
0.6852161 
0.59013665 
0.59879833 
0.46172494 
0.078405626 
-0.043333158 
-0.07029308 
0.0063112546 
2.277714 
1.2100582 
0.23241729 
-0.071325526 
0.124891646 
0.03127488 
0.38601518 
6.516601 
0.07435689 
0.421777 
0.093602374 
0.16962181 
0.19309098 
0.10337833 
-0.2330603 
0.29801005 
0.1405928 
-0.5844711 
-0.5331362 
-0.855449 
-0.84837836 
-1.9525408 
-5.0681267 
0.25717774 
0.08898009 
0.74111825 
0.17949876 
0.97602487 
0.3132688 
0.58742046 
0.030248871 
0.3767657 
0.505119 
0.5059707 
-0.025144843 
0.3116814 
0.117911406 
0.17512818 
0.20329085 
0.29354742 
0.18745619 
1.0448276 
0.38939774 
-0.0094450405 
-0.040207714 
0.13974045 
0.89420176 
-0.1239353 
0.599857 
0.39081767 
0.4416595 
-0.021718673 
0.5859767 
0.71197873 
0.19999585 
1.0315212 
0.10761047 
0.06904344 
0.10223161 
1.2706317 
0.49579808 
-0.95398647 
-1.0339595 
-0.9498083 
-1.6853393 
-0.7983618 
-0.7359492 
-1.3554761 
-0.9617174 
-1.1209375 
-2.000539 
-0.89191484 
-1.6351072 
-5.2441587 
1.1701417 
-0.1708678 
0.032921698 
0.24006724 
0.12228488 
0.8992181 
0.73006827 
0.68481857 
-0.350398 
1.3019962 
0.98613864 
0.074050605 
0.5161564 
0.44661927 
0.13420288 
0.0771377 
0.27232108 
0.52641654 
0.84601516 
0.019872468 
0.4964288 
0.33545998 
0.51189095 
0.53650314 
0.30279872 
0.007916266 
0.188729 
-1.1391459 
0.120537356 
0.8498088 
-0.14898904 
0.31753597 
0.84436566 
-0.6033982 
0.39086047 
0.5717782 
1.817712 
-0.6453207 
-0.7936333 
-0.8127855 
-2.0571628 
-1.7458646 
-0.5140273 
-0.9122844 
-0.77351 
-1.0625432 
-0.97321457 
-2.2124107 
-1.0881829 
-4.749084 
-5.6006446 
-0.09324517 
0.79204035 
-4.8579154 
2.1079645 
0.4945938 
0.22548144 
0.7181675 
0.26123628 
0.46827427 
0.66426617 
0.90498847 
-0.38639247 
0.57246673 
-0.44390157 
0.9985399 
-0.31642342 
0.8219621 
0.18669005 
0.7055491 
0.4421627 
0.32267174 
0.185782 
0.6281802 
0.4105924 
0.62470216 
1.1443769 
0.53344095 
-0.0053791096 
0.39392585 
-0.005579479 
0.92056704 
-0.35854402 
6.9799747 
0.71345246 
2.0057282 
-0.19952057 
-2.07873 
-2.0678914 
-2.1864924 
-2.4874046 
-2.056036 
-2.6784244 
-2.365974 
-2.3964703 
-1.9353373 
-1.0549101 
-1.4008133 
-1.9053562 
-1.3223864 
-4.6291323 
-5.4052954 
-5.113286 
-0.106456615 
2.1666036 
0.10701474 
0.5485562 
0.6063168 
-0.908466 
0.7130998 
0.7776745 
0.7717619 
2.091732 
0.110361435 
0.3474049 
1.0050681 
1.0005689 
0.54852664 
0.4616881 
0.3911282 
-0.49918267 
-0.038966294 
1.054031 
0.04161046 
0.6727001 
1.0360178 
-0.63020825 
0.7434224 
0.9573967 
0.1710981 
-0.16034004 
0.89389163 
1.0899465 
1.3149341 
-1.1527207 
0.33904433 
0.075116985 
-4.748877 
-4.9793234 
-4.998733 
-4.789019 
-5.3945436 
-4.702325 
-1.2741101 
-2.576835 
-1.4789897 
-1.0709797 
-1.5765364 
-1.059276 
-1.4949646 
-2.7730215 
-5.107533 
0.2917304 
1.3713983 
0.1826992 
5.054361 
-0.17619987 
0.043309197 
0.49958098 
0.91424525 
0.44285187 
0.89088714 
0.66608346 
0.53296983 
0.72630423 
0.39023235 
1.1573862 
6.571027 
0.4050213 
1.0078388 
0.436689 
0.10443199 
1.7365927 
1.1003944 
0.93482697 
0.54755473 
0.9841168 
0.6875109 
0.6549363 
0.24775797 
0.78316367 
1.7488289 
1.0753262 
-4.840821 
0.27561817 
0.2587616 
0.06708635 
-4.5486984 
-3.986764 
-5.081983 
-3.9894228 
-5.0575094 
-4.668515 
-2.0048382 
-4.3473673 
-1.8153377 
-1.3328052 
-2.3328817 
-1.5663738 
-1.0948364 
-2.0186808 
-1.3947558 
0.52944326 
0.5675364 
1.531336 
0.5681616 
0.82190984 
4.7757044 
-0.25850445 
0.5493735 
1.0921243 
0.7970564 
0.51291376 
0.3025737 
0.94964474 
1.3297129 
1.0043687 
1.1649364 
1.024513 
0.61181915 
-0.58229345 
1.0872645 
1.2769312 
0.6825834 
0.90619665 
0.8121687 
0.24799117 
0.7788059 
0.38731107 
0.5359424 
0.7279955 
0.75968766 
-5.009056 
-0.49193326 
-0.22070065 
0.0648492 
-0.16272092 
-4.728057 
-5.2614274 
-5.2320743 
-5.3513765 
-5.3630633 
-5.251979 
-5.0977826 
-4.587904 
-2.4662063 
-0.73376375 
-0.5719582 
-0.7796777 
-0.6414484 
-1.0465385 
-0.46670607 
3.099296 
1.0795084 
0.33344713 
0.57212186 
1.0199717 
0.42676958 
-0.24317281 
0.7511178 
0.640733 
0.39817417 
0.84845036 
0.9375851 
1.108578 
0.9864391 
0.31199455 
0.31787205 
0.6119105 
1.0651139 
0.78797203 
1.7327538 
0.94849193 
0.6232159 
0.96817636 
0.51084936 
1.1530595 
0.43231377 
0.63343054 
0.21852385 
1.0785663 
1.0572399 
0.92346627 
0.023664605 
-0.39536807 
-0.58196175 
-0.0018050757 
-5.067617 
-5.2665935 
-4.0844207 
-5.0643873 
-5.0590253 
-5.152747 
-4.561292 
-4.6318555 
-1.1171478 
-0.85666746 
-1.5110029 
-0.956889 
-1.4319364 
-5.359876 
1.1825435 
0.5328509 
1.0185648 
0.9330422 
0.8605057 
-4.915666 
0.237628 
-1.6533102 
0.26947585 
1.0181093 
0.8122708 
0.6693256 
0.7373043 
1.1210922 
1.1257656 
0.7920855 
1.0745325 
-0.017841775 
1.1579851 
0.9707226 
0.67797863 
0.055586856 
-0.053466987 
-5.515378 
-5.362234 
0.6189702 
0.7882617 
0.9111267 
1.3507324 
0.9591202 
0.37749013 
0.9871716 
-5.72872 
-0.46475488 
-0.23997642 
-0.21121576 
-5.1997075 
-5.313148 
-5.2012434 
-4.792552 
-4.363627 
-5.0015597 
-5.0519 
-4.160253 
-4.566013 
-1.0259961 
-1.1501313 
-0.9996079 
-1.7970166 
2.471579 
1.1293571 
1.1104674 
0.89826983 
0.76352 
1.2108061 
-0.5123962 
3.020899 
-4.755307 
-4.6917596 
2.0619814 
0.2852475 
0.97015357 
1.1362021 
0.32963645 
1.1984872 
1.8716973 
0.9402388 
1.406133 
7.1823907 
0.70350045 
0.5649795 
-5.1794577 
2.014848 
1.8070042 
-1.4844201 
1.1439577 
1.3618795 
1.697439 
1.6919248 
0.81927973 
0.8966987 
0.6385253 
0.6001132 
-0.67588335 
-0.67140585 
-0.2889581 
-5.1055083 
-5.661992 
-5.5730104 
-4.7560506 
-5.263812 
-4.758993 
-5.1504774 
-5.091469 
-3.4470217 
-1.0803285 
-0.43169641 
-0.77063745 
-0.77674454 
0.69235086 
1.224816 
0.94588363 
0.82325715 
1.3559587 
1.0165974 
-1.6449288 
-4.528047 
-4.794142 
-4.8143973 
2.2355227 
1.1067446 
1.1578865 
1.0546033 
1.0120724 
2.4531462 
0.9493915 
-0.052547086 
1.9229283 
1.1325066 
0.86620176 
1.961393 
-5.065112 
-2.2772546 
-2.2315395 
-4.7873197 
2.0310094 
0.92227393 
1.1733032 
1.1297246 
1.3546654 
1.1039706 
6.212729 
2.1744182 
-1.6833436 
-1.1239412 
-0.44812846 
-4.9639673 
-4.883828 
-5.474384 
-5.2840095 
-4.0711355 
-4.8594847 
-4.955464 
-3.2821286 
-4.534036 
-0.9114587 
-0.71103936 
-0.034679167 
-4.980431 
0.9916763 
1.0077246 
1.2341948 
0.8587056 
1.0288469 
1.0749983 
-4.9033394 
-4.7903852 
-2.4292784 
0.16384913 
0.33507168 
1.353173 
1.7462252 
1.0602506 
1.1528342 
1.6009315 
1.0852042 
1.1178306 
1.1000891 
1.9379187 
1.6504585 
0.75147974 
1.6580033 
-5.3538613 
-1.3050367 
-5.521542 
2.2941186 
1.3753207 
2.0011203 
1.0975926 
1.1223062 
0.8099491 
5.83572 
1.0893024 
-5.353749 
-1.7245955 
-0.67508346 
-4.8461227 
-5.372724 
-5.0764127 
-5.361579 
-5.250642 
-4.830358 
-4.842646 
-0.8545768 
-4.570724 
-0.023211107 
0.07452186 
-0.6514615 
2.3922224 
0.8197516 
0.97687936 
2.5472345 
1.1968528 
1.301661 
1.0647056 
0.9418202 
-1.1881964 
-0.1458427 
2.0674093 
1.1080843 
0.6836001 
0.52059734 
1.105139 
1.4027013 
1.5226249 
1.3156201 
1.3069003 
0.89944726 
1.2804831 
1.1081069 
1.9508009 
2.8956556 
2.0806124 
0.22545029 
1.0884984 
7.078047 
1.1048945 
0.81877905 
1.317105 
1.0931525 
1.1742306 
1.937069 
0.78576845 
2.318584 
-1.2667706 
-1.3920678 
-5.4324536 
-4.7796454 
-4.8851376 
-5.31017 
-5.0300894 
-5.4367003 
-5.0733066 
-1.8568757 
-1.1849703 
-1.5475352 
-1.4951121 
-0.36686793 
2.5286007 
0.2220284 
1.41835 
0.9535656 
1.6439791 
1.4278392 
1.7864773 
1.9887182 
1.631004 
1.5032405 
1.4325018 
1.5025051 
1.2598672 
1.1230769 
-5.241568 
-4.955238 
-5.321547 
-0.11622247 
1.2736944 
1.2208719 
1.1914262 
1.8099353 
2.1239657 
1.4475158 
1.1720362 
1.2377118 
0.9322776 
2.0983274 
1.4155806 
1.7864994 
1.4597164 
1.6478559 
0.6548636 
1.4432993 
1.9370642 
1.0164998 
-1.2163683 
-0.79001117 
-4.618226 
-5.2369504 
-5.3008685 
-5.34805 
-5.0927887 
-5.113048 
-5.424855 
-3.520453 
-4.420431 
-0.4844849 
-1.2064698 
-1.1911132 
0.37067568 
1.702378 
-0.120482355 
0.026793748 
1.0116148 
2.0249016 
1.1414235 
1.3533481 
1.6542734 
1.2545571 
2.0276592 
1.5584714 
1.9081718 
1.1704429 
1.8479642 
2.0989413 
1.9883122 
1.4575448 
1.8644593 
1.7818855 
1.9153944 
2.0317917 
0.9295107 
1.2093621 
1.7480605 
1.6011595 
0.8424001 
1.8497158 
1.4230449 
6.5747867 
-0.4932902 
0.8085615 
1.6070145 
1.7820318 
2.066691 
1.3782897 
-4.8702064 
-1.1399064 
-5.333663 
-4.7482843 
-4.8738236 
-4.884085 
-4.819165 
-4.734164 
-4.6523485 
-1.1376703 
-0.5841765 
-0.14267115 
-0.65701365 
-5.635238 
2.3424323 
-0.14995228 
0.038681738 
0.046512272 
0.47946167 
0.032108087 
1.2580259 
1.1282105 
1.3361533 
1.5268776 
1.8404083 
1.6196744 
1.3242984 
2.0137851 
1.3669212 
1.9949057 
1.584875 
1.5543796 
1.7215818 
2.0412343 
1.7009332 
1.6608351 
1.9699955 
1.5812862 
2.0373285 
2.0803633 
1.8574036 
-0.63073504 
-0.30693755 
0.30554637 
-0.263608 
-0.27178866 
-0.3232283 
1.7069957 
1.9337097 
1.6234754 
-1.199621 
-1.1994051 
-2.2636805 
-2.3043396 
-4.514631 
-3.4391205 
-3.4222336 
-1.335509 
-1.3896843 
-0.65613395 
-1.032252 
-0.09964391 
-0.5866787 
-4.7059155 
-0.58097255 
-0.017160267 
-0.07137064 
0.3869323 
-0.22201268 
0.29720938 
1.6283484 
1.2749223 
1.1142871 
2.0406914 
2.0419767 
2.0384395 
1.9300638 
1.2014076 
1.5429804 
2.3020735 
1.940199 
2.0636377 
1.6440067 
2.2882667 
1.394166 
1.8641213 
1.4143157 
2.2973578 
2.0071974 
1.6697248 
1.9094458 
-0.90097594 
0.2671697 
0.1558132 
0.11768463 
1.2688513 
-0.19277443 
0.3403266 
1.9081758 
2.0675995 
1.3378172 
-0.18248263 
-0.6197917 
-0.9125982 
-1.9325119 
-0.93451005 
-1.7779874 
-1.1956688 
-0.49627563 
-0.9833214 
-0.90586597 
-0.62434554 
-0.42426243 
0.4775787 
-0.20655759 
-0.08882299 
0.3089007 
0.60055393 
0.22971451 
0.10179711 
1.8732146 
2.0158093 
1.9970485 
1.8939376 
1.9773645 
1.9350413 
2.0848293 
1.4295379 
1.8954681 
-4.420002 
-2.2416317 
-4.766637 
-4.9240108 
1.2104558 
1.6996719 
2.1270306 
1.2552198 
1.9152126 
2.0806515 
1.8193122 
1.8375645 
0.16964462 
0.7348679 
0.3246858 
0.19363712 
0.23734115 
0.5471662 
0.76764077 
1.2293949 
1.9359225 
1.5566139 
-0.47661695 
-0.5653441 
-0.06961134 
-0.5660846 
-0.31276533 
-0.5374383 
-0.95095956 
-0.17896119 
-0.090967804 
-0.049529593 
-0.10342872 
-0.19143209 
-0.030578414 
0.26759773 
-0.66988665 
0.41018623 
-0.16879448 
-0.30126598 
0.55498844 
2.1264505 
1.6904119 
1.9163228 
1.7916439 
2.080009 
2.0006995 
0.871326 
2.4678624 
-2.139617 
-0.0057392027 
0.78352976 
0.5059301 
-2.1507537 
-0.207566 
1.7567936 
1.852147 
1.901019 
1.8140839 
0.6580075 
2.0912244 
1.7837657 
1.5667365 
0.07305711 
-0.31426647 
0.003656636 
0.06511777 
0.3719779 
1.9842703 
2.02435 
1.7442595 
2.0824585 
-5.0614524 
0.43767542 
0.29653683 
0.2630577 
-0.10717168 
1.036145 
0.14305046 
-0.29408753 
0.014347879 
-0.08371263 
-0.35383293 
2.3130946 
-4.365493 
0.83549803 
1.7219422 
0.13710551 
0.4090328 
1.8795992 
1.563959 
1.8794066 
1.7188504 
2.3533173 
1.9594789 
1.3833231 
2.1865833 
2.0206177 
-4.75378 
0.33224466 
-0.10744281 
-0.09557465 
0.77693766 
-0.4524344 
-0.070329405 
2.032094 
1.5527397 
1.0821639 
2.17429 
1.9636997 
2.035124 
2.126638 
2.0699718 
-0.05956368 
-0.4557276 
0.0070868703 
0.6263572 
2.3307874 
2.0160663 
2.1729093 
1.8997123 
1.973581 
0.044475097 
-0.47788695 
-0.27388668 
-0.21647868 
0.2757464 
0.742108 
-0.08477398 
0.45975983 
0.026353195 
-1.060068 
-0.03242303 
-0.21197376 
-0.34549752 
0.08028463 
1.7204691 
1.9922059 
2.1402447 
2.183273 
2.0873213 
2.2398534 
1.2516145 
2.2338824 
1.974063 
1.963763 
2.2613177 
1.6123693 
2.393382 
-3.5102797 
0.027314443 
-0.03466201 
0.30047363 
1.0730627 
-0.5513181 
2.4262323 
1.7102832 
2.135913 
1.914147 
1.8904109 
1.8434187 
1.760855 
2.3437896 
1.806266 
1.5238473 
1.9182628 
2.102988 
2.1235547 
1.5373995 
2.0396695 
1.6790041 
2.1705816 
2.0163126 
0.011066045 
-0.08527589 
0.6484648 
0.15349907 
-0.048597246 
0.13565278 
-0.051141735 
0.37822568 
-0.15219839 
0.55531734 
-0.3379351 
0.013134419 
0.101926304 
2.2595682 
2.0198395 
0.1196537 
1.9875197 
1.5425053 
2.0652864 
1.9778856 
2.2670543 
1.5798306 
2.0796633 
2.056474 
2.1035147 
1.8852803 
-2.1243076 
0.5399486 
1.0297724 
0.09226081 
-0.18867694 
-0.5505785 
2.1806805 
1.350471 
2.2337108 
1.3624806 
1.6184213 
1.722676 
1.7058854 
1.8301399 
2.0839536 
2.0624683 
2.0042555 
2.0334556 
1.9597629 
1.9696286 
2.0874875 
1.6258947 
1.5353905 
1.8224659 
-0.15830338 
0.07587086 
-0.2429345 
0.71666116 
-0.06303263 
0.033142842 
0.2213475 
-0.17461015 
-0.0041925814 
0.24467172 
-0.01748124 
-0.4396193 
-4.998391 
1.4257857 
1.9993318 
2.0300822 
1.1714512 
2.0503893 
1.9131924 
2.1737711 
1.9596114 
1.9648994 
2.0016367 
1.9549347 
2.014589 
2.103593 
1.7541727 
1.1594397 
-1.7680165 
-4.2320247 
-1.5621221 
-0.03400409 
1.833129 
1.5685778 
2.164988 
1.9099518 
1.9720316 
2.2855215 
1.4058349 
2.0268826 
1.6710188 
1.9123795 
2.2477129 
1.9915441 
1.8600484 
2.1565022 
1.9476231 
1.9333024 
1.1890429 
2.0801556 
-0.1298288 
-0.13397658 
-0.10278883 
0.45552433 
0.054350737 
-0.4156582 
-0.12967901 
0.1908212 
0.4989158 
0.095357664 
-0.09806768 
0.3765953 
-0.17237191 
1.263482 
1.9278753 
2.3154287 
2.0509455 
2.016609 
2.1294885 
1.874239 
1.7731735 
2.0661232 
1.3759017 
1.8681527 
2.060959 
1.7066312 
1.8776169 
1.6515753 
2.2259429 
2.1631122 
1.4682218 
2.1288147 
1.7983115 
0.94613206 
2.221006 
1.5749346 
1.6354346 
2.0250418 
1.907107 
2.0026925 
2.0043035 
2.0120018 
1.5360821 
1.9232053 
1.5703396 
2.0294611 
2.3360045 
1.0482004 
2.370657 
2.2197046 
-0.12961064 
-0.4104279 
-0.10187436 
-0.36843014 
0.14097501 
0.24179073 
-0.016191699 
0.0035182878 
-0.26766557 
1.1811981 
-0.36704654 
-0.09972311 
0.19287099 
-5.1325827 
2.1680958 
1.2768912 
2.056486 
2.0164115 
2.0926838 
1.6755083 
1.7928412 
1.8815426 
1.8386142 
1.833351 
2.1625113 
2.0592742 
1.6437007 
2.367676 
1.9142118 
1.647765 
1.4921237 
1.9663007 
1.974362 
2.0566242 
1.6684377 
2.152489 
2.073581 
2.2276614 
2.1606882 
2.2687383 
2.2107935 
1.772925 
1.4672612 
2.2108607 
1.9018687 
2.1968486 
2.2437336 
2.2099354 
2.074603 
2.0855284 
0.70267963 
-1.037318 
0.0034326357 
0.113800086 
-0.033708133 
-0.27697405 
-0.09550661 
0.562702 
-1.1539066 
0.2923955 
0.16393876 
-0.16598307 
0.25665703 
0.18587984 
0.14839499 
1.9029249 
2.3989995 
1.3401325 
1.9983236 
1.7859403 
2.2437215 
2.2106478 
2.2620008 
1.772045 
1.8030041 
2.017076 
2.2034228 
1.9014176 
2.1219099 
2.0774772 
1.9990876 
2.3837495 
2.129965 
2.0948613 
2.0062737 
2.2783017 
2.1336262 
2.0164082 
1.8499122 
2.0931878 
2.2484927 
1.354493 
1.939012 
2.0439875 
2.2206066 
2.030438 
1.6946295 
2.095461 
2.0072663 
1.980538 
-0.18783197 
0.0054549077 
-0.043005392 
0.09995345 
-0.0073040677 
-0.35845476 
-0.18797065 
0.12060866 
0.0022981518 
0.0964497 
0.29515746 
0.17536359 
-0.056698296 
-0.45197228 
-2.305088 
1.9277381 
1.296454 
2.0009642 
1.4977385 
1.0929781 
1.5752287 
2.2844346 
2.256826 
1.9155071 
2.5934505 
2.1604638 
2.327205 
0.8961022 
2.123635 
1.9455138 
1.1750094 
2.1306264 
2.1444616 
2.370803 
1.9080032 
2.1919293 
2.1403599 
2.160097 
2.1129723 
2.162738 
2.293878 
1.61986 
1.1985489 
1.9585248 
2.0663717 
2.160035 
1.6790069 
2.3878314 
1.5456039 
1.5557749 
-0.53886014 
-0.9211384 
-0.08023452 
0.96168405 
0.0702776 
-0.53858083 
0.027470341 
0.17302108 
0.082558446 
0.09519949 
0.02677888 
-0.019918172 
-0.08092055 
0.015857724 
0.007172575 
1.8290365 
1.9876413 
1.5583739 
2.3434234 
0.97314084 
2.2241058 
2.4110425 
2.0152395 
2.2384546 
2.320946 
2.1117532 
1.9861972 
2.2510982 
2.2666974 
0.24747345 
2.2357988 
2.0815306 
2.2532744 
2.065451 
1.9027114 
1.8255411 
1.8927894 
2.287063 
2.4841905 
2.143748 
1.652502 
2.0416777 
2.141154 
2.1249607 
1.7708342 
1.757366 
2.0271256 
1.9505168 
2.0484698 
1.8773626 
-0.17356323 
-0.87835175 
-1.782998 
-0.49279368 
-0.7948418 
-1.7598722 
-1.803778 
-0.89136595 
-0.4285353 
-0.42214832 
-0.40719438 
-0.5785127 
-1.0522403 
-0.23760092 
-0.027704004 
2.5822697 
2.277106 
2.4099178 
1.8740319 
1.2349335 
1.9033844 
2.150663 
2.2692208 
2.2647128 
2.2444096 
2.1270473 
2.3075554 
1.9873832 
2.0654824 
2.1865833 
1.916909 
1.7309325 
2.1512713 
2.3772428 
2.5793357 
2.0436654 
1.9214989 
2.3113122 
2.2699943 
2.0574245 
1.9752975 
1.9660127 
2.0380626 
2.3525088 
2.0843594 
2.411837 
2.5170376 
1.5494037 
2.2193482 
1.6456922 
